$object "" {
 #version 1.0
 #tag MergeMeshes "1"
 #tag Coords "XZY"
 #tag Scale "1.000000"
 $node "Scene_Root" {
  $frame {
    1 0 0
    0 1 0
    0 0 1
    0 0 0
   
  }
  $node "Sketchfab_model" {
   $frame {
     1 0 0
     0 0 1
     0 -1 0
     0 0 0
    
   }
   $node "root" {
    $frame {
      1 0 0
      0 1 0
      0 0 1
      0 0 0
     
    }
    $node "GLTF_SceneRootNode" {
     $frame {
       1 0 0
       0 0 -1
       0 1 0
       0 0 0
      
     }
     $node "CHICKEN_52" {
      $frame {
        0 0 -1
        1 0 0
        0 -1 0
        0 0 0
       
      }
      $node "GLTF_created_0" {
       $frame {
         1 0 0
         0 1 0
         0 0 1
         0 0 0
        
       }
       $node "models/chicken/chicken.vmdl_c.chicken_bg_studio_lod0_51" {
        $frame {
          1 0 0
          0 1 0
          0 0 1
          0 0 0
         
        }
       }
       $node "GLTF_created_0_rootJoint" {
        $frame {
          1 0 0
          0 0 -1
          0 1 0
          0 0 0
         
        }
        $node "root_50" {
         $frame {
           -0.00017 0.00028 1
           -0.0014 1 -0.00028
           -1 -0.0014 -0.00017
           -0.1303508 0.9239259 0.000522
          
         }
         $node "pelvis_24" {
          $frame {
            -1 -0.00033 -0.00107
            0.0004 -0.99819 -0.06015
            -0.00105 -0.06015 0.99819
            0 0 0
           
          }
          $node "pelvic0_1" {
           $frame {
             0.99999 0.00326 0.00057
             -0.00317 0.89391 0.44823
             0.00095 -0.44823 0.89392
             0.0000001 -0.0000002 0.2167113
            
           }
           $node "pelvic1_0" {
            $frame {
              1 0.00291 -0.00106
              -0.00263 0.97826 0.20737
              0.00164 -0.20736 0.97826
              -0 0.0000001 0.1460676
             
            }
           }
          }
          $node "leg_0_L_12" {
           $frame {
             -0.79412 0.16488 0.58497
             0.49625 0.73157 0.46748
             -0.35087 0.66152 -0.66278
             -0.1858165 0.0705277 0.0628294
            
           }
           $node "leg_1_L_11" {
            $frame {
              1 0 0
              0 0.33004 -0.94397
              0 0.94397 0.33004
              -0.0000004 -0.0000002 0.3394079
             
            }
            $node "leg_2_L_10" {
             $frame {
               -0.93484 0.29436 0.19856
               -0.35308 -0.71156 -0.60746
               -0.03752 -0.63799 0.76913
               0.0000001 -0.0000001 0.3974058
              
             }
             $node "foot_L_8" {
              $frame {
                0.99485 0.08587 0.05388
                -0.01716 0.6665 -0.74531
                -0.09991 0.74054 0.66454
                -0.0000001 -0.0000001 0.2423753
               
              }
              $node "pinky_0_L_3" {
               $frame {
                 0.92541 0.0163 0.37861
                 0.08988 0.96113 -0.26106
                 -0.36815 0.27562 0.88798
                 -0.0598434 -0.0061581 0.0820634
                
               }
               $node "pinky_1_L_2" {
                $frame {
                  0.99991 0.00012 0.0133
                  -0.00074 0.99892 0.04642
                  -0.01328 -0.04643 0.99883
                  -0.0000001 -0.0000001 0.0597549
                 
                }
               }
              }
              $node "middle_0_L_5" {
               $frame {
                 0.98994 -0.11833 -0.07757
                 0.09364 0.95891 -0.2678
                 0.10607 0.25784 0.96035
                 0.0000002 -0.0000001 0.0984407
                
               }
               $node "middle_1_L_4" {
                $frame {
                  0.99998 0.00039 0.0068
                  -0.00167 0.98205 0.18861
                  -0.0066 -0.18862 0.98203
                  0.0000002 0.0000001 0.0702452
                 
                }
               }
              }
              $node "index_0_L_7" {
               $frame {
                 0.83281 -0.22671 -0.505
                 0.12134 0.96487 -0.23305
                 0.54009 0.13281 0.83106
                 0.0606845 -0.0140866 0.0761764
                
               }
               $node "index_1_L_6" {
                $frame {
                  0.99934 0.01323 0.03389
                  -0.0171 0.99302 0.11666
                  -0.03211 -0.11716 0.99259
                  0 -0.0000001 0.0536024
                 
                }
               }
              }
             }
             $node "talon_0_L_9" {
              $frame {
                -0.97805 0.19291 -0.07875
                0.10258 0.11683 -0.98784
                -0.18136 -0.97424 -0.13406
                -0.0107114 -0.0589549 0.2115725
               
              }
             }
            }
           }
          }
          $node "leg_0_R_23" {
           $frame {
             0.8459 0.04168 0.53171
             0.42037 -0.66567 -0.61658
             0.32825 0.74508 -0.58061
             0.1858125 0.0702546 0.062946
            
           }
           $node "leg_1_R_22" {
            $frame {
              1 0 0
              -0 0.2287 0.9735
              0 -0.9735 0.2287
              -0.0000005 -0.0000005 0.3394078
             
            }
            $node "leg_2_R_21" {
             $frame {
               -0.95981 -0.25304 0.1214
               0.24749 -0.55915 0.79126
               -0.13234 0.78951 0.5993
               0 -0.0000001 0.3974056
              
             }
             $node "foot_R_19" {
              $frame {
                0.99486 -0.08595 0.05359
                0.01729 0.66544 0.74625
                -0.0998 -0.74149 0.6635
                -0 -0 0.2423753
               
              }
              $node "pinky_0_R_14" {
               $frame {
                 0.92542 -0.01627 0.3786
                 -0.08973 0.96126 0.26064
                 -0.36818 -0.27517 0.8881
                 -0.0598434 0.0061581 0.0820635
                
               }
               $node "pinky_1_R_13" {
                $frame {
                  0.99991 -0.00012 0.0133
                  0.00074 0.9989 -0.04694
                  -0.01328 0.04695 0.99881
                  -0.0000002 0.0000001 0.0597548
                 
                }
               }
              }
              $node "middle_0_R_16" {
               $frame {
                 0.98994 0.11831 -0.0776
                 -0.09366 0.95905 0.2673
                 0.10604 -0.25734 0.96048
                 0.0000003 0 0.0984406
                
               }
               $node "middle_1_R_15" {
                $frame {
                  0.99998 -0.00039 0.0068
                  0.00167 0.98195 -0.18912
                  -0.0066 0.18913 0.98193
                  -0.0000001 0.0000001 0.0702452
                 
                }
               }
              }
              $node "index_0_R_18" {
               $frame {
                 0.83278 0.22675 -0.50504
                 -0.12167 0.96493 0.23261
                 0.54008 -0.13226 0.83116
                 0.0606845 0.0140867 0.0761764
                
               }
               $node "index_1_R_17" {
                $frame {
                  0.99954 -0.00999 0.0286
                  0.01924 0.93851 -0.34471
                  -0.0234 0.3451 0.93827
                  0.0000001 -0.0000001 0.0536024
                 
                }
               }
              }
             }
             $node "talon_0_R_20" {
              $frame {
                -0.97806 -0.19285 -0.07877
                -0.01374 -0.31762 0.94812
                -0.20786 0.9284 0.308
                -0.0107107 0.0589549 0.2115726
               
              }
             }
            }
           }
          }
         }
         $node "spine0_49" {
          $frame {
            1 0.00136 -0.00027
            0.00128 -0.97852 -0.20614
            -0.00055 0.20614 -0.97852
            0 0 0
           
          }
          $node "spine1_48" {
           $frame {
             1 0.00015 0.00062
             -0.00006 0.99058 -0.13696
             -0.00063 0.13696 0.99058
             0.0000002 0 0.2627446
            
           }
           $node "clav_L_28" {
            $frame {
              -0.48926 0.43532 -0.75573
              0.56904 0.816 0.10164
              0.66092 -0.38031 -0.64695
              0.1374309 0.1186922 0.3204084
             
            }
            $node "wing_0_L_27" {
             $frame {
               -0.63974 -0.50136 0.58255
               0.44049 -0.86029 -0.25666
               0.62984 0.09242 0.7712
               -0.0000007 -0.0000005 0.235833
              
             }
             $node "wing_1_L_26" {
              $frame {
                0.98939 0.04979 0.13651
                0.02091 0.88088 -0.47287
                -0.14379 0.47071 0.87049
                -0.0000003 0.0000002 0.3209461
               
              }
              $node "wing_2_L_25" {
               $frame {
                 1 0 0
                 0 1 0
                 0 0 1
                 0.0000005 0.0000006 0.3537492
                
               }
              }
             }
            }
           }
           $node "neck_0_43" {
            $frame {
              1 0.00158 0.00013
              -0.00079 0.42495 0.90521
              0.00137 -0.90521 0.42496
              -0 0.0000007 0.2524348
             
            }
            $node "neck_1_42" {
             $frame {
               1 -0.0004 0.00064
               0.00037 0.99883 0.0483
               -0.00066 -0.0483 0.99883
               -0 -0.0000001 0.1842377
              
             }
             $node "neck_2_41" {
              $frame {
                1 -0.00058 -0.00006
                0.00058 0.99957 -0.02915
                0.00007 0.02915 0.99957
                -0 -0.0000002 0.1927785
               
              }
              $node "head_40" {
               $frame {
                 1 -0.00019 -0.00042
                 -0.0003 0.43348 -0.90116
                 0.00035 0.90116 0.43348
                 0.0000003 -0.0000002 0.1290267
                
               }
               $node "headTop_2_30" {
                $frame {
                  -1 0.00078 -0.00096
                  0.00057 -0.39849 -0.91717
                  -0.0011 -0.91717 0.39849
                  -0 -0.0839669 0.1571337
                 
                }
                $node "headTop_1_29" {
                 $frame {
                   1 0.00039 -0.00119
                   -0.00052 0.99372 -0.11191
                   0.00114 0.11191 0.99372
                   -0.0000003 0 0.0452144
                  
                 }
                }
               }
               $node "headTop_0_32" {
                $frame {
                  -1 -0.00022 0.0015
                  -0.00152 0.10468 -0.99451
                  0.00006 -0.99451 -0.10468
                  0.0000002 -0.1148179 0.0522748
                 
                }
                $node "headTop_1_duplicate_31" {
                 $frame {
                   1 0 0
                   0 0.89149 -0.45304
                   -0 0.45304 0.89149
                   0.0000052 0.0000023 0.0674123
                  
                 }
                }
               }
               $node "eye_L_33" {
                $frame {
                  -1 0 0
                  0 -0.00427 -0.99999
                  -0 -0.99999 0.00427
                  0.05825 -0.0257833 0.0963162
                 
                }
               }
               $node "beak_38" {
                $frame {
                  -0.00109 -0.99916 0.04099
                  1 -0.00115 -0.00144
                  0.00149 0.04099 0.99916
                  0 0.0356759 0.1359756
                 
                }
                $node "gobbler_0_L_35" {
                 $frame {
                   0.20873 -0.23499 0.94932
                   0.07215 0.97176 0.22468
                   -0.97531 0.0216 0.21979
                   -0.0281734 0.0298332 0.0262034
                  
                 }
                 $node "gobbler_1_L_34" {
                  $frame {
                    0.9999 -0.01337 0.0054
                    0.01343 0.99985 -0.0106
                    -0.00526 0.01067 0.99993
                    0.0000001 0.0000002 0.0572761
                   
                  }
                 }
                }
                $node "gobbler_0_R_37" {
                 $frame {
                   0.19539 0.21679 0.95646
                   -0.07452 0.97572 -0.20593
                   -0.97789 -0.03104 0.2068
                   -0.028129 -0.0299881 0.0261151
                  
                 }
                 $node "gobbler_1_R_36" {
                  $frame {
                    0.99992 -0.00399 0.01211
                    0.00391 0.99997 0.00697
                    -0.01214 -0.00692 0.9999
                    -0.0000004 0.0000001 0.057276
                   
                  }
                 }
                }
               }
               $node "eye_R_39" {
                $frame {
                  -1 0 0
                  0 -0.00427 -0.99999
                  -0 -0.99999 0.00427
                  -0.05825 -0.0257832 0.0963162
                 
                }
               }
              }
             }
            }
           }
           $node "clav_R_47" {
            $frame {
              0.4865 0.51188 -0.70802
              0.68595 -0.72569 -0.05333
              -0.5411 -0.45972 -0.70418
              -0.1378482 0.118206 0.3204084
             
            }
            $node "wing_0_R_46" {
             $frame {
               -0.71339 0.39305 0.58016
               -0.34324 -0.91777 0.19971
               0.61095 -0.05666 0.78964
               -0.0000001 -0.0000009 0.2358329
              
             }
             $node "wing_1_R_45" {
              $frame {
                0.9806 -0.17751 0.08317
                0.14193 0.93556 0.3234
                -0.13522 -0.30532 0.9426
                0.0000009 -0.0000001 0.3209457
               
              }
              $node "wing_2_R_44" {
               $frame {
                 1 0 0
                 0 1 0
                 0 0 1
                 0.0000011 -0.0000002 0.3537492
                
               }
              }
             }
            }
           }
          }
         }
        }
       }
      }
     }
     $node "ROASTED_CHICKEN_55" {
      $frame {
        0 0 -1
        1 0 0
        0 -1 0
        -0.8613173 0 0
       
      }
      $node "GLTF_created_1" {
       $frame {
         1 0 0
         0 1 0
         0 0 1
         0 0 0
        
       }
       $node "models/chicken/chicken_roasted.vmdl_c.chicken_roasted_54" {
        $frame {
          1 0 0
          0 1 0
          0 0 1
          0 0 0
         
        }
       }
       $node "GLTF_created_1_rootJoint" {
        $frame {
          1 0 0
          0 0 -1
          0 1 0
          0 0 0
         
        }
        $node "chicken_roasted_53" {
         $frame {
           1 0 0
           0 0 1
           0 -1 0
           0 0 0
          
         }
        }
       }
      }
     }
    }
   }
  }
 }
 $materials {
  $material "chicken_catalan_tan" {
   #UVset 0
  }
 }
 $lod 0 {
  #lodFactor 0.5
  $bones {
    "root_50"
    "pelvis_24"
    "pelvic0_1"
    "pelvic1_0"
    "leg_0_L_12"
    "leg_1_L_11"
    "leg_2_L_10"
    "foot_L_8"
    "pinky_0_L_3"
    "pinky_1_L_2"
    "middle_0_L_5"
    "middle_1_L_4"
    "index_0_L_7"
    "index_1_L_6"
    "talon_0_L_9"
    "leg_0_R_23"
    "leg_1_R_22"
    "leg_2_R_21"
    "foot_R_19"
    "pinky_0_R_14"
    "pinky_1_R_13"
    "middle_0_R_16"
    "middle_1_R_15"
    "index_0_R_18"
    "index_1_R_17"
    "talon_0_R_20"
    "spine0_49"
    "spine1_48"
    "clav_L_28"
    "wing_0_L_27"
    "wing_1_L_26"
    "wing_2_L_25"
    "neck_0_43"
    "neck_1_42"
    "neck_2_41"
    "head_40"
    "headTop_2_30"
    "headTop_1_29"
    "headTop_0_32"
    "headTop_1_duplicate_31"
    "eye_L_33"
    "beak_38"
    "gobbler_0_L_35"
    "gobbler_1_L_34"
    "gobbler_0_R_37"
    "gobbler_1_R_36"
    "eye_R_39"
    "clav_R_47"
    "wing_0_R_46"
    "wing_1_R_45"
    "wing_2_R_44"
  }
  $mesh "Object_7" {
   #texCoords 2
   $faces {
     0 3 0 1 2
     0 3 3 4 5
     0 3 6 7 8
     0 3 9 10 11
     0 3 12 13 14
     0 3 15 16 17
     0 3 18 19 20
     0 3 21 22 23
     0 3 24 25 26
     0 3 27 28 29
     0 3 30 31 32
     0 3 33 34 35
     0 3 36 37 38
     0 3 39 40 41
     0 3 42 43 44
     0 3 45 46 47
     0 3 48 49 50
     0 3 51 52 53
     0 3 54 55 56
     0 3 57 58 59
     0 3 60 61 62
     0 3 63 64 65
     0 3 66 67 68
     0 3 69 70 71
     0 3 72 73 74
     0 3 75 76 77
     0 3 78 79 80
     0 3 81 82 83
     0 3 84 85 86
     0 3 87 88 89
     0 3 90 91 92
     0 3 93 94 95
     0 3 96 97 98
     0 3 99 100 101
     0 3 102 103 104
     0 3 105 106 107
     0 3 108 109 110
     0 3 111 112 113
     0 3 114 115 116
     0 3 117 118 119
     0 3 120 121 122
     0 3 123 124 125
     0 3 126 127 128
     0 3 129 130 131
     0 3 132 133 134
     0 3 135 136 137
     0 3 138 139 140
     0 3 141 142 143
     0 3 144 145 146
     0 3 147 148 149
     0 3 150 151 152
     0 3 153 154 155
     0 3 156 157 158
     0 3 159 160 161
     0 3 162 163 164
     0 3 165 166 167
     0 3 168 169 170
     0 3 171 172 173
     0 3 174 175 176
     0 3 177 178 179
     0 3 180 181 182
     0 3 183 184 185
     0 3 186 187 188
     0 3 189 190 191
     0 3 192 193 194
     0 3 195 196 197
     0 3 198 199 200
     0 3 201 202 203
     0 3 204 205 206
     0 3 207 208 209
     0 3 210 211 212
     0 3 213 214 215
     0 3 216 217 218
     0 3 219 220 221
     0 3 222 223 224
     0 3 225 226 227
     0 3 228 229 230
     0 3 231 232 233
     0 3 234 235 236
     0 3 237 238 239
     0 3 240 241 242
     0 3 243 244 245
     0 3 246 247 248
     0 3 249 250 251
     0 3 252 253 254
     0 3 255 256 257
     0 3 258 259 260
     0 3 261 262 263
     0 3 264 265 266
     0 3 267 268 269
     0 3 270 271 272
     0 3 273 274 275
     0 3 276 277 278
     0 3 279 280 281
     0 3 282 283 284
     0 3 285 286 287
     0 3 288 289 290
     0 3 291 292 293
     0 3 294 295 296
     0 3 297 298 299
     0 3 300 301 302
     0 3 303 304 305
     0 3 306 307 308
     0 3 309 310 311
     0 3 312 313 314
     0 3 315 316 317
     0 3 318 319 320
     0 3 321 322 323
     0 3 324 325 326
     0 3 327 328 329
     0 3 330 331 332
     0 3 333 334 335
     0 3 336 337 338
     0 3 339 340 341
     0 3 342 343 344
     0 3 345 346 347
     0 3 348 349 350
     0 3 351 352 353
     0 3 354 355 356
     0 3 357 358 359
     0 3 360 361 362
     0 3 363 364 365
     0 3 366 367 368
     0 3 369 370 371
     0 3 372 373 374
     0 3 375 376 377
     0 3 378 379 380
     0 3 381 382 383
     0 3 384 385 386
     0 3 387 388 389
     0 3 390 391 392
     0 3 393 394 395
     0 3 396 397 398
     0 3 399 400 401
     0 3 402 403 404
     0 3 405 406 407
     0 3 408 409 410
     0 3 411 412 413
     0 3 414 415 416
     0 3 417 418 419
     0 3 420 421 422
     0 3 423 424 425
     0 3 426 427 428
     0 3 429 430 431
     0 3 432 433 434
     0 3 435 436 437
     0 3 438 439 440
     0 3 441 442 443
     0 3 444 445 446
     0 3 447 448 449
     0 3 450 451 452
     0 3 453 454 455
     0 3 456 457 458
     0 3 459 460 461
     0 3 462 463 464
     0 3 465 466 467
     0 3 468 469 470
     0 3 471 472 473
     0 3 474 475 476
     0 3 477 478 479
     0 3 480 481 482
     0 3 483 484 485
     0 3 486 487 488
     0 3 489 490 491
     0 3 492 493 494
     0 3 495 496 497
     0 3 498 499 500
     0 3 501 502 503
     0 3 504 505 506
     0 3 507 508 509
     0 3 510 511 512
     0 3 513 514 515
     0 3 516 517 518
     0 3 519 520 521
     0 3 522 523 524
     0 3 525 526 527
     0 3 528 529 530
     0 3 531 532 533
     0 3 534 535 536
     0 3 537 538 539
     0 3 540 541 542
     0 3 543 544 545
     0 3 546 547 548
     0 3 549 550 551
     0 3 552 553 554
     0 3 555 556 557
     0 3 558 559 560
     0 3 561 562 563
     0 3 564 565 566
     0 3 567 568 569
     0 3 570 571 572
     0 3 573 574 575
     0 3 576 577 578
     0 3 579 580 581
     0 3 582 583 584
     0 3 585 586 587
     0 3 588 589 590
     0 3 591 592 593
     0 3 594 595 596
     0 3 597 598 599
     0 3 600 601 602
     0 3 603 604 605
     0 3 606 607 608
     0 3 609 610 611
     0 3 612 613 614
     0 3 615 616 617
     0 3 618 619 620
     0 3 621 622 623
     0 3 624 625 626
     0 3 627 628 629
     0 3 630 631 632
     0 3 633 634 635
     0 3 636 637 638
     0 3 639 640 641
     0 3 642 643 644
     0 3 645 646 647
     0 3 648 649 650
     0 3 651 652 653
     0 3 654 655 656
     0 3 657 658 659
     0 3 660 661 662
     0 3 663 664 665
     0 3 666 667 668
     0 3 669 670 671
     0 3 672 673 674
     0 3 675 676 677
     0 3 678 679 680
     0 3 681 682 683
     0 3 684 685 686
     0 3 687 688 689
     0 3 690 691 692
     0 3 693 694 695
     0 3 696 697 698
     0 3 699 700 701
     0 3 702 703 704
     0 3 705 706 707
     0 3 708 709 710
     0 3 711 712 713
     0 3 714 715 716
     0 3 717 718 719
     0 3 720 721 722
     0 3 723 724 725
     0 3 726 727 728
     0 3 729 730 731
     0 3 732 733 734
     0 3 735 736 737
     0 3 738 739 740
     0 3 741 742 743
     0 3 744 745 746
     0 3 747 748 749
     0 3 750 751 752
     0 3 753 754 755
     0 3 756 757 758
     0 3 759 760 761
     0 3 762 763 764
     0 3 765 766 767
     0 3 768 769 770
     0 3 771 772 773
     0 3 774 775 776
     0 3 777 778 779
     0 3 780 781 782
     0 3 783 784 785
     0 3 786 787 788
     0 3 789 790 791
     0 3 792 793 794
     0 3 795 796 797
     0 3 798 799 800
     0 3 801 802 803
     0 3 804 805 806
     0 3 807 808 809
     0 3 810 811 812
     0 3 813 814 815
     0 3 816 817 818
     0 3 819 820 821
     0 3 822 823 824
     0 3 825 826 827
     0 3 828 829 830
     0 3 831 832 833
     0 3 834 835 836
     0 3 837 838 839
     0 3 840 841 842
     0 3 843 844 845
     0 3 846 847 848
     0 3 849 850 851
     0 3 852 853 854
     0 3 855 856 857
     0 3 858 859 860
     0 3 861 862 863
     0 3 864 865 866
     0 3 867 868 869
     0 3 870 871 872
     0 3 873 874 875
     0 3 876 877 878
     0 3 879 880 881
     0 3 882 883 884
     0 3 885 886 887
     0 3 888 889 890
     0 3 891 892 893
     0 3 894 895 896
     0 3 897 898 899
     0 3 900 901 902
     0 3 903 904 905
     0 3 906 907 908
     0 3 909 910 911
     0 3 912 913 914
     0 3 915 916 917
     0 3 918 919 920
     0 3 921 922 923
     0 3 924 925 926
     0 3 927 928 929
     0 3 930 931 932
     0 3 933 934 935
     0 3 936 937 938
     0 3 939 940 941
     0 3 942 943 944
     0 3 945 946 947
     0 3 948 949 950
     0 3 951 952 953
     0 3 954 955 956
     0 3 957 958 959
     0 3 960 961 962
     0 3 963 964 965
     0 3 966 967 968
     0 3 969 970 971
     0 3 972 973 974
     0 3 975 976 977
     0 3 978 979 980
     0 3 981 982 983
     0 3 984 985 986
     0 3 987 988 989
     0 3 990 991 992
     0 3 993 994 995
     0 3 996 997 998
     0 3 999 1000 1001
     0 3 1002 1003 1004
     0 3 1005 1006 1007
     0 3 1008 1009 1010
     0 3 1011 1012 1013
     0 3 1014 1015 1016
     0 3 1017 1018 1019
     0 3 1020 1021 1022
     0 3 1023 1024 1025
     0 3 1026 1027 1028
     0 3 1029 1030 1031
     0 3 1032 1033 1034
     0 3 1035 1036 1037
     0 3 1038 1039 1040
     0 3 1041 1042 1043
     0 3 1044 1045 1046
     0 3 1047 1048 1049
     0 3 1050 1051 1052
     0 3 1053 1054 1055
     0 3 1056 1057 1058
     0 3 1059 1060 1061
     0 3 1062 1063 1064
     0 3 1065 1066 1067
     0 3 1068 1069 1070
     0 3 1071 1072 1073
     0 3 1074 1075 1076
     0 3 1077 1078 1079
     0 3 1080 1081 1082
     0 3 1083 1084 1085
     0 3 1086 1087 1088
     0 3 1089 1090 1091
     0 3 1092 1093 1094
     0 3 1095 1096 1097
     0 3 1098 1099 1100
     0 3 1101 1102 1103
     0 3 1104 1105 1106
     0 3 1107 1108 1109
     0 3 1110 1111 1112
     0 3 1113 1114 1115
     0 3 1116 1117 1118
     0 3 1119 1120 1121
     0 3 1122 1123 1124
     0 3 1125 1126 1127
     0 3 1128 1129 1130
     0 3 1131 1132 1133
     0 3 1134 1135 1136
     0 3 1137 1138 1139
     0 3 1140 1141 1142
     0 3 1143 1144 1145
     0 3 1146 1147 1148
     0 3 1149 1150 1151
     0 3 1152 1153 1154
     0 3 1155 1156 1157
     0 3 1158 1159 1160
     0 3 1161 1162 1163
     0 3 1164 1165 1166
     0 3 1167 1168 1169
     0 3 1170 1171 1172
     0 3 1173 1174 1175
     0 3 1176 1177 1178
     0 3 1179 1180 1181
     0 3 1182 1183 1184
     0 3 1185 1186 1187
     0 3 1188 1189 1190
     0 3 1191 1192 1193
     0 3 1194 1195 1196
     0 3 1197 1198 1199
     0 3 1200 1201 1202
     0 3 1203 1204 1205
     0 3 1206 1207 1208
     0 3 1209 1210 1211
     0 3 1212 1213 1214
     0 3 1215 1216 1217
     0 3 1218 1219 1220
     0 3 1221 1222 1223
     0 3 1224 1225 1226
     0 3 1227 1228 1229
     0 3 1230 1231 1232
     0 3 1233 1234 1235
     0 3 1236 1237 1238
     0 3 1239 1240 1241
     0 3 1242 1243 1244
     0 3 1245 1246 1247
     0 3 1248 1249 1250
     0 3 1251 1252 1253
     0 3 1254 1255 1256
     0 3 1257 1258 1259
     0 3 1260 1261 1262
     0 3 1263 1264 1265
     0 3 1266 1267 1268
     0 3 1269 1270 1271
     0 3 1272 1273 1274
     0 3 1275 1276 1277
     0 3 1278 1279 1280
     0 3 1281 1282 1283
     0 3 1284 1285 1286
     0 3 1287 1288 1289
     0 3 1290 1291 1292
     0 3 1293 1294 1295
     0 3 1296 1297 1298
     0 3 1299 1300 1301
     0 3 1302 1303 1304
     0 3 1305 1306 1307
     0 3 1308 1309 1310
     0 3 1311 1312 1313
     0 3 1314 1315 1316
     0 3 1317 1318 1319
     0 3 1320 1321 1322
     0 3 1323 1324 1325
     0 3 1326 1327 1328
     0 3 1329 1330 1331
     0 3 1332 1333 1334
     0 3 1335 1336 1337
     0 3 1338 1339 1340
     0 3 1341 1342 1343
     0 3 1344 1345 1346
     0 3 1347 1348 1349
     0 3 1350 1351 1352
     0 3 1353 1354 1355
     0 3 1356 1357 1358
     0 3 1359 1360 1361
     0 3 1362 1363 1364
     0 3 1365 1366 1367
     0 3 1368 1369 1370
     0 3 1371 1372 1373
     0 3 1374 1375 1376
     0 3 1377 1378 1379
     0 3 1380 1381 1382
     0 3 1383 1384 1385
     0 3 1386 1387 1388
     0 3 1389 1390 1391
     0 3 1392 1393 1394
     0 3 1395 1396 1397
     0 3 1398 1399 1400
     0 3 1401 1402 1403
     0 3 1404 1405 1406
     0 3 1407 1408 1409
     0 3 1410 1411 1412
     0 3 1413 1414 1415
     0 3 1416 1417 1418
     0 3 1419 1420 1421
     0 3 1422 1423 1424
     0 3 1425 1426 1427
     0 3 1428 1429 1430
     0 3 1431 1432 1433
     0 3 1434 1435 1436
     0 3 1437 1438 1439
     0 3 1440 1441 1442
     0 3 1443 1444 1445
     0 3 1446 1447 1448
     0 3 1449 1450 1451
     0 3 1452 1453 1454
     0 3 1455 1456 1457
     0 3 1458 1459 1460
     0 3 1461 1462 1463
     0 3 1464 1465 1466
     0 3 1467 1468 1469
     0 3 1470 1471 1472
     0 3 1473 1474 1475
     0 3 1476 1477 1478
     0 3 1479 1480 1481
     0 3 1482 1483 1484
     0 3 1485 1486 1487
     0 3 1488 1489 1490
     0 3 1491 1492 1493
     0 3 1494 1495 1496
     0 3 1497 1498 1499
     0 3 1500 1501 1502
     0 3 1503 1504 1505
     0 3 1506 1507 1508
     0 3 1509 1510 1511
     0 3 1512 1513 1514
     0 3 1515 1516 1517
     0 3 1518 1519 1520
     0 3 1521 1522 1523
     0 3 1524 1525 1526
     0 3 1527 1528 1529
     0 3 1530 1531 1532
     0 3 1533 1534 1535
     0 3 1536 1537 1538
     0 3 1539 1540 1541
     0 3 1542 1543 1544
     0 3 1545 1546 1547
     0 3 1548 1549 1550
     0 3 1551 1552 1553
     0 3 1554 1555 1556
     0 3 1557 1558 1559
     0 3 1560 1561 1562
     0 3 1563 1564 1565
     0 3 1566 1567 1568
     0 3 1569 1570 1571
     0 3 1572 1573 1574
     0 3 1575 1576 1577
     0 3 1578 1579 1580
     0 3 1581 1582 1583
     0 3 1584 1585 1586
     0 3 1587 1588 1589
     0 3 1590 1591 1592
     0 3 1593 1594 1595
     0 3 1596 1597 1598
     0 3 1599 1600 1601
     0 3 1602 1603 1604
     0 3 1605 1606 1607
     0 3 1608 1609 1610
     0 3 1611 1612 1613
     0 3 1614 1615 1616
     0 3 1617 1618 1619
     0 3 1620 1621 1622
     0 3 1623 1624 1625
     0 3 1626 1627 1628
     0 3 1629 1630 1631
     0 3 1632 1633 1634
     0 3 1635 1636 1637
     0 3 1638 1639 1640
     0 3 1641 1642 1643
     0 3 1644 1645 1646
     0 3 1647 1648 1649
     0 3 1650 1651 1652
     0 3 1653 1654 1655
     0 3 1656 1657 1658
     0 3 1659 1660 1661
     0 3 1662 1663 1664
     0 3 1665 1666 1667
     0 3 1668 1669 1670
     0 3 1671 1672 1673
     0 3 1674 1675 1676
     0 3 1677 1678 1679
     0 3 1680 1681 1682
     0 3 1683 1684 1685
     0 3 1686 1687 1688
     0 3 1689 1690 1691
     0 3 1692 1693 1694
     0 3 1695 1696 1697
     0 3 1698 1699 1700
     0 3 1701 1702 1703
     0 3 1704 1705 1706
     0 3 1707 1708 1709
     0 3 1710 1711 1712
     0 3 1713 1714 1715
     0 3 1716 1717 1718
     0 3 1719 1720 1721
     0 3 1722 1723 1724
     0 3 1725 1726 1727
     0 3 1728 1729 1730
     0 3 1731 1732 1733
     0 3 1734 1735 1736
     0 3 1737 1738 1739
     0 3 1740 1741 1742
     0 3 1743 1744 1745
     0 3 1746 1747 1748
     0 3 1749 1750 1751
     0 3 1752 1753 1754
     0 3 1755 1756 1757
     0 3 1758 1759 1760
     0 3 1761 1762 1763
     0 3 1764 1765 1766
     0 3 1767 1768 1769
     0 3 1770 1771 1772
     0 3 1773 1774 1775
     0 3 1776 1777 1778
     0 3 1779 1780 1781
     0 3 1782 1783 1784
     0 3 1785 1786 1787
     0 3 1788 1789 1790
     0 3 1791 1792 1793
     0 3 1794 1795 1796
     0 3 1797 1798 1799
     0 3 1800 1801 1802
     0 3 1803 1804 1805
     0 3 1806 1807 1808
     0 3 1809 1810 1811
     0 3 1812 1813 1814
     0 3 1815 1816 1817
     0 3 1818 1819 1820
     0 3 1821 1822 1823
     0 3 1824 1825 1826
     0 3 1827 1828 1829
     0 3 1830 1831 1832
     0 3 1833 1834 1835
     0 3 1836 1837 1838
     0 3 1839 1840 1841
     0 3 1842 1843 1844
     0 3 1845 1846 1847
     0 3 1848 1849 1850
     0 3 1851 1852 1853
     0 3 1854 1855 1856
     0 3 1857 1858 1859
     0 3 1860 1861 1862
     0 3 1863 1864 1865
     0 3 1866 1867 1868
     0 3 1869 1870 1871
     0 3 1872 1873 1874
     0 3 1875 1876 1877
     0 3 1878 1879 1880
     0 3 1881 1882 1883
     0 3 1884 1885 1886
     0 3 1887 1888 1889
     0 3 1890 1891 1892
     0 3 1893 1894 1895
     0 3 1896 1897 1898
     0 3 1899 1900 1901
     0 3 1902 1903 1904
     0 3 1905 1906 1907
     0 3 1908 1909 1910
     0 3 1911 1912 1913
     0 3 1914 1915 1916
     0 3 1917 1918 1919
     0 3 1920 1921 1922
     0 3 1923 1924 1925
     0 3 1926 1927 1928
     0 3 1929 1930 1931
     0 3 1932 1933 1934
     0 3 1935 1936 1937
     0 3 1938 1939 1940
     0 3 1941 1942 1943
     0 3 1944 1945 1946
     0 3 1947 1948 1949
     0 3 1950 1951 1952
     0 3 1953 1954 1955
     0 3 1956 1957 1958
     0 3 1959 1960 1961
     0 3 1962 1963 1964
     0 3 1965 1966 1967
     0 3 1968 1969 1970
     0 3 1971 1972 1973
     0 3 1974 1975 1976
     0 3 1977 1978 1979
     0 3 1980 1981 1982
     0 3 1983 1984 1985
     0 3 1986 1987 1988
     0 3 1989 1990 1991
     0 3 1992 1993 1994
     0 3 1995 1996 1997
     0 3 1998 1999 2000
     0 3 2001 2002 2003
     0 3 2004 2005 2006
     0 3 2007 2008 2009
     0 3 2010 2011 2012
     0 3 2013 2014 2015
     0 3 2016 2017 2018
     0 3 2019 2020 2021
     0 3 2022 2023 2024
     0 3 2025 2026 2027
     0 3 2028 2029 2030
     0 3 2031 2032 2033
     0 3 2034 2035 2036
     0 3 2037 2038 2039
     0 3 2040 2041 2042
     0 3 2043 2044 2045
     0 3 2046 2047 2048
     0 3 2049 2050 2051
     0 3 2052 2053 2054
     0 3 2055 2056 2057
     0 3 2058 2059 2060
     0 3 2061 2062 2063
     0 3 2064 2065 2066
     0 3 2067 2068 2069
     0 3 2070 2071 2072
     0 3 2073 2074 2075
     0 3 2076 2077 2078
     0 3 2079 2080 2081
     0 3 2082 2083 2084
     0 3 2085 2086 2087
     0 3 2088 2089 2090
     0 3 2091 2092 2093
     0 3 2094 2095 2096
     0 3 2097 2098 2099
     0 3 2100 2101 2102
     0 3 2103 2104 2105
     0 3 2106 2107 2108
     0 3 2109 2110 2111
     0 3 2112 2113 2114
     0 3 2115 2116 2117
     0 3 2118 2119 2120
     0 3 2121 2122 2123
     0 3 2124 2125 2126
     0 3 2127 2128 2129
     0 3 2130 2131 2132
     0 3 2133 2134 2135
     0 3 2136 2137 2138
     0 3 2139 2140 2141
     0 3 2142 2143 2144
     0 3 2145 2146 2147
     0 3 2148 2149 2150
     0 3 2151 2152 2153
     0 3 2154 2155 2156
     0 3 2157 2158 2159
     0 3 2160 2161 2162
     0 3 2163 2164 2165
     0 3 2166 2167 2168
     0 3 2169 2170 2171
     0 3 2172 2173 2174
     0 3 2175 2176 2177
     0 3 2178 2179 2180
     0 3 2181 2182 2183
     0 3 2184 2185 2186
     0 3 2187 2188 2189
     0 3 2190 2191 2192
     0 3 2193 2194 2195
     0 3 2196 2197 2198
     0 3 2199 2200 2201
     0 3 2202 2203 2204
     0 3 2205 2206 2207
     0 3 2208 2209 2210
     0 3 2211 2212 2213
     0 3 2214 2215 2216
     0 3 2217 2218 2219
     0 3 2220 2221 2222
     0 3 2223 2224 2225
     0 3 2226 2227 2228
     0 3 2229 2230 2231
     0 3 2232 2233 2234
     0 3 2235 2236 2237
     0 3 2238 2239 2240
     0 3 2241 2242 2243
     0 3 2244 2245 2246
     0 3 2247 2248 2249
     0 3 2250 2251 2252
     0 3 2253 2254 2255
     0 3 2256 2257 2258
     0 3 2259 2260 2261
     0 3 2262 2263 2264
     0 3 2265 2266 2267
     0 3 2268 2269 2270
     0 3 2271 2272 2273
     0 3 2274 2275 2276
     0 3 2277 2278 2279
     0 3 2280 2281 2282
     0 3 2283 2284 2285
     0 3 2286 2287 2288
     0 3 2289 2290 2291
     0 3 2292 2293 2294
     0 3 2295 2296 2297
     0 3 2298 2299 2300
     0 3 2301 2302 2303
     0 3 2304 2305 2306
     0 3 2307 2308 2309
     0 3 2310 2311 2312
     0 3 2313 2314 2315
     0 3 2316 2317 2318
     0 3 2319 2320 2321
     0 3 2322 2323 2324
     0 3 2325 2326 2327
     0 3 2328 2329 2330
     0 3 2331 2332 2333
     0 3 2334 2335 2336
     0 3 2337 2338 2339
     0 3 2340 2341 2342
     0 3 2343 2344 2345
     0 3 2346 2347 2348
     0 3 2349 2350 2351
     0 3 2352 2353 2354
     0 3 2355 2356 2357
     0 3 2358 2359 2360
     0 3 2361 2362 2363
     0 3 2364 2365 2366
     0 3 2367 2368 2369
     0 3 2370 2371 2372
     0 3 2373 2374 2375
     0 3 2376 2377 2378
     0 3 2379 2380 2381
     0 3 2382 2383 2384
     0 3 2385 2386 2387
     0 3 2388 2389 2390
     0 3 2391 2392 2393
     0 3 2394 2395 2396
     0 3 2397 2398 2399
     0 3 2400 2401 2402
     0 3 2403 2404 2405
     0 3 2406 2407 2408
     0 3 2409 2410 2411
     0 3 2412 2413 2414
     0 3 2415 2416 2417
     0 3 2418 2419 2420
     0 3 2421 2422 2423
     0 3 2424 2425 2426
     0 3 2427 2428 2429
     0 3 2430 2431 2432
     0 3 2433 2434 2435
     0 3 2436 2437 2438
     0 3 2439 2440 2441
     0 3 2442 2443 2444
     0 3 2445 2446 2447
     0 3 2448 2449 2450
     0 3 2451 2452 2453
     0 3 2454 2455 2456
     0 3 2457 2458 2459
     0 3 2460 2461 2462
     0 3 2463 2464 2465
     0 3 2466 2467 2468
     0 3 2469 2470 2471
     0 3 2472 2473 2474
     0 3 2475 2476 2477
     0 3 2478 2479 2480
     0 3 2481 2482 2483
     0 3 2484 2485 2486
     0 3 2487 2488 2489
     0 3 2490 2491 2492
     0 3 2493 2494 2495
     0 3 2496 2497 2498
     0 3 2499 2500 2501
     0 3 2502 2503 2504
     0 3 2505 2506 2507
     0 3 2508 2509 2510
     0 3 2511 2512 2513
     0 3 2514 2515 2516
     0 3 2517 2518 2519
     0 3 2520 2521 2522
     0 3 2523 2524 2525
     0 3 2526 2527 2528
     0 3 2529 2530 2531
     0 3 2532 2533 2534
     0 3 2535 2536 2537
     0 3 2538 2539 2540
     0 3 2541 2542 2543
     0 3 2544 2545 2546
     0 3 2547 2548 2549
     0 3 2550 2551 2552
     0 3 2553 2554 2555
     0 3 2556 2557 2558
     0 3 2559 2560 2561
     0 3 2562 2563 2564
     0 3 2565 2566 2567
     0 3 2568 2569 2570
     0 3 2571 2572 2573
     0 3 2574 2575 2576
     0 3 2577 2578 2579
     0 3 2580 2581 2582
     0 3 2583 2584 2585
     0 3 2586 2587 2588
     0 3 2589 2590 2591
     0 3 2592 2593 2594
     0 3 2595 2596 2597
     0 3 2598 2599 2600
     0 3 2601 2602 2603
     0 3 2604 2605 2606
     0 3 2607 2608 2609
     0 3 2610 2611 2612
     0 3 2613 2614 2615
     0 3 2616 2617 2618
     0 3 2619 2620 2621
     0 3 2622 2623 2624
     0 3 2625 2626 2627
     0 3 2628 2629 2630
     0 3 2631 2632 2633
     0 3 2634 2635 2636
     0 3 2637 2638 2639
     0 3 2640 2641 2642
     0 3 2643 2644 2645
     0 3 2646 2647 2648
     0 3 2649 2650 2651
     0 3 2652 2653 2654
     0 3 2655 2656 2657
     0 3 2658 2659 2660
     0 3 2661 2662 2663
     0 3 2664 2665 2666
     0 3 2667 2668 2669
     0 3 2670 2671 2672
     0 3 2673 2674 2675
     0 3 2676 2677 2678
     0 3 2679 2680 2681
     0 3 2682 2683 2684
     0 3 2685 2686 2687
     0 3 2688 2689 2690
     0 3 2691 2692 2693
     0 3 2694 2695 2696
     0 3 2697 2698 2699
     0 3 2700 2701 2702
     0 3 2703 2704 2705
     0 3 2706 2707 2708
     0 3 2709 2710 2711
     0 3 2712 2713 2714
     0 3 2715 2716 2717
     0 3 2718 2719 2720
     0 3 2721 2722 2723
     0 3 2724 2725 2726
     0 3 2727 2728 2729
     0 3 2730 2731 2732
     0 3 2733 2734 2735
     0 3 2736 2737 2738
     0 3 2739 2740 2741
     0 3 2742 2743 2744
     0 3 2745 2746 2747
     0 3 2748 2749 2750
     0 3 2751 2752 2753
     0 3 2754 2755 2756
     0 3 2757 2758 2759
     0 3 2760 2761 2762
     0 3 2763 2764 2765
     0 3 2766 2767 2768
     0 3 2769 2770 2771
     0 3 2772 2773 2774
     0 3 2775 2776 2777
     0 3 2778 2779 2780
     0 3 2781 2782 2783
     0 3 2784 2785 2786
     0 3 2787 2788 2789
     0 3 2790 2791 2792
     0 3 2793 2794 2795
     0 3 2796 2797 2798
     0 3 2799 2800 2801
     0 3 2802 2803 2804
     0 3 2805 2806 2807
     0 3 2808 2809 2810
     0 3 2811 2812 2813
     0 3 2814 2815 2816
     0 3 2817 2818 2819
     0 3 2820 2821 2822
     0 3 2823 2824 2825
     0 3 2826 2827 2828
     0 3 2829 2830 2831
     0 3 2832 2833 2834
     0 3 2835 2836 2837
     0 3 2838 2839 2840
     0 3 2841 2842 2843
     0 3 2844 2845 2846
     0 3 2847 2848 2849
     0 3 2850 2851 2852
     0 3 2853 2854 2855
     0 3 2856 2857 2858
     0 3 2859 2860 2861
     0 3 2862 2863 2864
     0 3 2865 2866 2867
     0 3 2868 2869 2870
     0 3 2871 2872 2873
     0 3 2874 2875 2876
     0 3 2877 2878 2879
     0 3 2880 2881 2882
     0 3 2883 2884 2885
     0 3 2886 2887 2888
     0 3 2889 2890 2891
     0 3 2892 2893 2894
     0 3 2895 2896 2897
     0 3 2898 2899 2900
     0 3 2901 2902 2903
     0 3 2904 2905 2906
     0 3 2907 2908 2909
     0 3 2910 2911 2912
     0 3 2913 2914 2915
     0 3 2916 2917 2918
     0 3 2919 2920 2921
     0 3 2922 2923 2924
     0 3 2925 2926 2927
     0 3 2928 2929 2930
     0 3 2931 2932 2933
     0 3 2934 2935 2936
     0 3 2937 2938 2939
     0 3 2940 2941 2942
     0 3 2943 2944 2945
     0 3 2946 2947 2948
     0 3 2949 2950 2951
     0 3 2952 2953 2954
     0 3 2955 2956 2957
     0 3 2958 2959 2960
     0 3 2961 2962 2963
     0 3 2964 2965 2966
     0 3 2967 2968 2969
     0 3 2970 2971 2972
     0 3 2973 2974 2975
     0 3 2976 2977 2978
     0 3 2979 2980 2981
     0 3 2982 2983 2984
     0 3 2985 2986 2987
     0 3 2988 2989 2990
     0 3 2991 2992 2993
     0 3 2994 2995 2996
     0 3 2997 2998 2999
     0 3 3000 3001 3002
     0 3 3003 3004 3005
     0 3 3006 3007 3008
     0 3 3009 3010 3011
     0 3 3012 3013 3014
     0 3 3015 3016 3017
     0 3 3018 3019 3020
     0 3 3021 3022 3023
     0 3 3024 3025 3026
     0 3 3027 3028 3029
     0 3 3030 3031 3032
     0 3 3033 3034 3035
     0 3 3036 3037 3038
     0 3 3039 3040 3041
     0 3 3042 3043 3044
     0 3 3045 3046 3047
     0 3 3048 3049 3050
     0 3 3051 3052 3053
     0 3 3054 3055 3056
     0 3 3057 3058 3059
     0 3 3060 3061 3062
     0 3 3063 3064 3065
     0 3 3066 3067 3068
     0 3 3069 3070 3071
     0 3 3072 3073 3074
     0 3 3075 3076 3077
